100
180
-300.0 -200.0 -294.0 -200.0 BOTH 1 13.888889
-300.0 -140.0 -294.0 -140.0 BOTH 1 13.888889
-300.0 -80.0 -294.0 -80.0 BOTH 1 13.888889
-300.0 -20.0 -294.0 -20.0 BOTH 1 13.888889
-300.0 40.0 -294.0 40.0 BOTH 1 13.888889
-300.0 100.0 -294.0 100.0 BOTH 1 13.888889
-300.0 160.0 -294.0 160.0 BOTH 1 13.888889
-300.0 220.0 -294.0 220.0 BOTH 1 13.888889
-300.0 280.0 -294.0 280.0 BOTH 1 13.888889
-300.0 340.0 -294.0 340.0 BOTH 1 13.888889
-240.0 -200.0 -234.0 -200.0 BOTH 1 13.888889
-240.0 -140.0 -234.0 -140.0 BOTH 1 13.888889
-240.0 -80.0 -234.0 -80.0 BOTH 1 13.888889
-240.0 -20.0 -234.0 -20.0 BOTH 1 13.888889
-240.0 40.0 -234.0 40.0 BOTH 1 13.888889
-240.0 100.0 -234.0 100.0 BOTH 1 13.888889
-240.0 160.0 -234.0 160.0 BOTH 1 13.888889
-240.0 220.0 -234.0 220.0 BOTH 1 13.888889
-240.0 280.0 -234.0 280.0 BOTH 1 13.888889
-240.0 340.0 -234.0 340.0 BOTH 1 13.888889
-180.0 -200.0 -174.0 -200.0 BOTH 1 13.888889
-180.0 -140.0 -174.0 -140.0 BOTH 1 13.888889
-180.0 -80.0 -174.0 -80.0 BOTH 1 13.888889
-180.0 -20.0 -174.0 -20.0 BOTH 1 13.888889
-180.0 40.0 -174.0 40.0 BOTH 1 13.888889
-180.0 100.0 -174.0 100.0 BOTH 1 13.888889
-180.0 160.0 -174.0 160.0 BOTH 1 13.888889
-180.0 220.0 -174.0 220.0 BOTH 1 13.888889
-180.0 280.0 -174.0 280.0 BOTH 1 13.888889
-180.0 340.0 -174.0 340.0 BOTH 1 13.888889
-120.0 -200.0 -114.0 -200.0 BOTH 1 13.888889
-120.0 -140.0 -114.0 -140.0 BOTH 1 13.888889
-120.0 -80.0 -114.0 -80.0 BOTH 1 13.888889
-120.0 -20.0 -114.0 -20.0 BOTH 1 13.888889
-120.0 40.0 -114.0 40.0 BOTH 1 13.888889
-120.0 100.0 -114.0 100.0 BOTH 1 13.888889
-120.0 160.0 -114.0 160.0 BOTH 1 13.888889
-120.0 220.0 -114.0 220.0 BOTH 1 13.888889
-120.0 280.0 -114.0 280.0 BOTH 1 13.888889
-120.0 340.0 -114.0 340.0 BOTH 1 13.888889
-60.0 -200.0 -54.0 -200.0 BOTH 1 13.888889
-60.0 -140.0 -54.0 -140.0 BOTH 1 13.888889
-60.0 -80.0 -54.0 -80.0 BOTH 1 13.888889
-60.0 -20.0 -54.0 -20.0 BOTH 1 13.888889
-60.0 40.0 -54.0 40.0 BOTH 1 13.888889
-60.0 100.0 -54.0 100.0 BOTH 1 13.888889
-60.0 160.0 -54.0 160.0 BOTH 1 13.888889
-60.0 220.0 -54.0 220.0 BOTH 1 13.888889
-60.0 280.0 -54.0 280.0 BOTH 1 13.888889
-60.0 340.0 -54.0 340.0 BOTH 1 13.888889
0.0 -200.0 6.0 -200.0 BOTH 1 13.888889
0.0 -140.0 6.0 -140.0 BOTH 1 13.888889
0.0 -80.0 6.0 -80.0 BOTH 1 13.888889
0.0 -20.0 6.0 -20.0 BOTH 1 13.888889
0.0 40.0 6.0 40.0 BOTH 1 13.888889
0.0 100.0 6.0 100.0 BOTH 1 13.888889
0.0 160.0 6.0 160.0 BOTH 1 13.888889
0.0 220.0 6.0 220.0 BOTH 1 13.888889
0.0 280.0 6.0 280.0 BOTH 1 13.888889
0.0 340.0 6.0 340.0 BOTH 1 13.888889
60.0 -200.0 66.0 -200.0 BOTH 1 13.888889
60.0 -140.0 66.0 -140.0 BOTH 1 13.888889
60.0 -80.0 66.0 -80.0 BOTH 1 13.888889
60.0 -20.0 66.0 -20.0 BOTH 1 13.888889
60.0 40.0 66.0 40.0 BOTH 1 13.888889
60.0 100.0 66.0 100.0 BOTH 1 13.888889
60.0 160.0 66.0 160.0 BOTH 1 13.888889
60.0 220.0 66.0 220.0 BOTH 1 13.888889
60.0 280.0 66.0 280.0 BOTH 1 13.888889
60.0 340.0 66.0 340.0 BOTH 1 13.888889
120.0 -200.0 126.0 -200.0 BOTH 1 13.888889
120.0 -140.0 126.0 -140.0 BOTH 1 13.888889
120.0 -80.0 126.0 -80.0 BOTH 1 13.888889
120.0 -20.0 126.0 -20.0 BOTH 1 13.888889
120.0 40.0 126.0 40.0 BOTH 1 13.888889
120.0 100.0 126.0 100.0 BOTH 1 13.888889
120.0 160.0 126.0 160.0 BOTH 1 13.888889
120.0 220.0 126.0 220.0 BOTH 1 13.888889
120.0 280.0 126.0 280.0 BOTH 1 13.888889
120.0 340.0 126.0 340.0 BOTH 1 13.888889
180.0 -200.0 186.0 -200.0 BOTH 1 13.888889
180.0 -140.0 186.0 -140.0 BOTH 1 13.888889
180.0 -80.0 186.0 -80.0 BOTH 1 13.888889
180.0 -20.0 186.0 -20.0 BOTH 1 13.888889
180.0 40.0 186.0 40.0 BOTH 1 13.888889
180.0 100.0 186.0 100.0 BOTH 1 13.888889
180.0 160.0 186.0 160.0 BOTH 1 13.888889
180.0 220.0 186.0 220.0 BOTH 1 13.888889
180.0 280.0 186.0 280.0 BOTH 1 13.888889
180.0 340.0 186.0 340.0 BOTH 1 13.888889
240.0 -200.0 246.0 -200.0 BOTH 1 13.888889
240.0 -140.0 246.0 -140.0 BOTH 1 13.888889
240.0 -80.0 246.0 -80.0 BOTH 1 13.888889
240.0 -20.0 246.0 -20.0 BOTH 1 13.888889
240.0 40.0 246.0 40.0 BOTH 1 13.888889
240.0 100.0 246.0 100.0 BOTH 1 13.888889
240.0 160.0 246.0 160.0 BOTH 1 13.888889
240.0 220.0 246.0 220.0 BOTH 1 13.888889
240.0 280.0 246.0 280.0 BOTH 1 13.888889
240.0 340.0 246.0 340.0 BOTH 1 13.888889
0 10 -294.0 -200.0 -240.0 -200.0 BOTH 1 13.888889
0 1 -297.0 -197.0 -297.0 -143.0 BOTH 1 13.888889
1 11 -294.0 -140.0 -240.0 -140.0 BOTH 1 13.888889
1 2 -297.0 -137.0 -297.0 -83.0 BOTH 1 13.888889
2 12 -294.0 -80.0 -240.0 -80.0 BOTH 1 13.888889
2 3 -297.0 -77.0 -297.0 -23.0 BOTH 1 13.888889
3 13 -294.0 -20.0 -240.0 -20.0 BOTH 1 13.888889
3 4 -297.0 -17.0 -297.0 37.0 BOTH 1 13.888889
4 14 -294.0 40.0 -240.0 40.0 BOTH 1 13.888889
4 5 -297.0 43.0 -297.0 97.0 BOTH 1 13.888889
5 15 -294.0 100.0 -240.0 100.0 BOTH 1 13.888889
5 6 -297.0 103.0 -297.0 157.0 BOTH 1 13.888889
6 16 -294.0 160.0 -240.0 160.0 BOTH 1 13.888889
6 7 -297.0 163.0 -297.0 217.0 BOTH 1 13.888889
7 17 -294.0 220.0 -240.0 220.0 BOTH 1 13.888889
7 8 -297.0 223.0 -297.0 277.0 BOTH 1 13.888889
8 18 -294.0 280.0 -240.0 280.0 BOTH 1 13.888889
8 9 -297.0 283.0 -297.0 337.0 BOTH 1 13.888889
9 19 -294.0 340.0 -240.0 340.0 BOTH 1 13.888889
10 20 -234.0 -200.0 -180.0 -200.0 BOTH 1 13.888889
10 11 -237.0 -197.0 -237.0 -143.0 BOTH 1 13.888889
11 21 -234.0 -140.0 -180.0 -140.0 BOTH 1 13.888889
11 12 -237.0 -137.0 -237.0 -83.0 BOTH 1 13.888889
12 22 -234.0 -80.0 -180.0 -80.0 BOTH 1 13.888889
12 13 -237.0 -77.0 -237.0 -23.0 BOTH 1 13.888889
13 23 -234.0 -20.0 -180.0 -20.0 BOTH 1 13.888889
13 14 -237.0 -17.0 -237.0 37.0 BOTH 1 13.888889
14 24 -234.0 40.0 -180.0 40.0 BOTH 1 13.888889
14 15 -237.0 43.0 -237.0 97.0 BOTH 1 13.888889
15 25 -234.0 100.0 -180.0 100.0 BOTH 1 13.888889
15 16 -237.0 103.0 -237.0 157.0 BOTH 1 13.888889
16 26 -234.0 160.0 -180.0 160.0 BOTH 1 13.888889
16 17 -237.0 163.0 -237.0 217.0 BOTH 1 13.888889
17 27 -234.0 220.0 -180.0 220.0 BOTH 1 13.888889
17 18 -237.0 223.0 -237.0 277.0 BOTH 1 13.888889
18 28 -234.0 280.0 -180.0 280.0 BOTH 1 13.888889
18 19 -237.0 283.0 -237.0 337.0 BOTH 1 13.888889
19 29 -234.0 340.0 -180.0 340.0 BOTH 1 13.888889
20 30 -174.0 -200.0 -120.0 -200.0 BOTH 1 13.888889
20 21 -177.0 -197.0 -177.0 -143.0 BOTH 1 13.888889
21 31 -174.0 -140.0 -120.0 -140.0 BOTH 1 13.888889
21 22 -177.0 -137.0 -177.0 -83.0 BOTH 1 13.888889
22 32 -174.0 -80.0 -120.0 -80.0 BOTH 1 13.888889
22 23 -177.0 -77.0 -177.0 -23.0 BOTH 1 13.888889
23 33 -174.0 -20.0 -120.0 -20.0 BOTH 1 13.888889
23 24 -177.0 -17.0 -177.0 37.0 BOTH 1 13.888889
24 34 -174.0 40.0 -120.0 40.0 BOTH 1 13.888889
24 25 -177.0 43.0 -177.0 97.0 BOTH 1 13.888889
25 35 -174.0 100.0 -120.0 100.0 BOTH 1 13.888889
25 26 -177.0 103.0 -177.0 157.0 BOTH 1 13.888889
26 36 -174.0 160.0 -120.0 160.0 BOTH 1 13.888889
26 27 -177.0 163.0 -177.0 217.0 BOTH 1 13.888889
27 37 -174.0 220.0 -120.0 220.0 BOTH 1 13.888889
27 28 -177.0 223.0 -177.0 277.0 BOTH 1 13.888889
28 38 -174.0 280.0 -120.0 280.0 BOTH 1 13.888889
28 29 -177.0 283.0 -177.0 337.0 BOTH 1 13.888889
29 39 -174.0 340.0 -120.0 340.0 BOTH 1 13.888889
30 40 -114.0 -200.0 -60.0 -200.0 BOTH 1 13.888889
30 31 -117.0 -197.0 -117.0 -143.0 BOTH 1 13.888889
31 41 -114.0 -140.0 -60.0 -140.0 BOTH 1 13.888889
31 32 -117.0 -137.0 -117.0 -83.0 BOTH 1 13.888889
32 42 -114.0 -80.0 -60.0 -80.0 BOTH 1 13.888889
32 33 -117.0 -77.0 -117.0 -23.0 BOTH 1 13.888889
33 43 -114.0 -20.0 -60.0 -20.0 BOTH 1 13.888889
33 34 -117.0 -17.0 -117.0 37.0 BOTH 1 13.888889
34 44 -114.0 40.0 -60.0 40.0 BOTH 1 13.888889
34 35 -117.0 43.0 -117.0 97.0 BOTH 1 13.888889
35 45 -114.0 100.0 -60.0 100.0 BOTH 1 13.888889
35 36 -117.0 103.0 -117.0 157.0 BOTH 1 13.888889
36 46 -114.0 160.0 -60.0 160.0 BOTH 1 13.888889
36 37 -117.0 163.0 -117.0 217.0 BOTH 1 13.888889
37 47 -114.0 220.0 -60.0 220.0 BOTH 1 13.888889
37 38 -117.0 223.0 -117.0 277.0 BOTH 1 13.888889
38 48 -114.0 280.0 -60.0 280.0 BOTH 1 13.888889
38 39 -117.0 283.0 -117.0 337.0 BOTH 1 13.888889
39 49 -114.0 340.0 -60.0 340.0 BOTH 1 13.888889
40 50 -54.0 -200.0 0.0 -200.0 BOTH 1 13.888889
40 41 -57.0 -197.0 -57.0 -143.0 BOTH 1 13.888889
41 51 -54.0 -140.0 0.0 -140.0 BOTH 1 13.888889
41 42 -57.0 -137.0 -57.0 -83.0 BOTH 1 13.888889
42 52 -54.0 -80.0 0.0 -80.0 BOTH 1 13.888889
42 43 -57.0 -77.0 -57.0 -23.0 BOTH 1 13.888889
43 53 -54.0 -20.0 0.0 -20.0 BOTH 1 13.888889
43 44 -57.0 -17.0 -57.0 37.0 BOTH 1 13.888889
44 54 -54.0 40.0 0.0 40.0 BOTH 1 13.888889
44 45 -57.0 43.0 -57.0 97.0 BOTH 1 13.888889
45 55 -54.0 100.0 0.0 100.0 BOTH 1 13.888889
45 46 -57.0 103.0 -57.0 157.0 BOTH 1 13.888889
46 56 -54.0 160.0 0.0 160.0 BOTH 1 13.888889
46 47 -57.0 163.0 -57.0 217.0 BOTH 1 13.888889
47 57 -54.0 220.0 0.0 220.0 BOTH 1 13.888889
47 48 -57.0 223.0 -57.0 277.0 BOTH 1 13.888889
48 58 -54.0 280.0 0.0 280.0 BOTH 1 13.888889
48 49 -57.0 283.0 -57.0 337.0 BOTH 1 13.888889
49 59 -54.0 340.0 0.0 340.0 BOTH 1 13.888889
50 60 6.0 -200.0 60.0 -200.0 BOTH 1 13.888889
50 51 3.0 -197.0 3.0 -143.0 BOTH 1 13.888889
51 61 6.0 -140.0 60.0 -140.0 BOTH 1 13.888889
51 52 3.0 -137.0 3.0 -83.0 BOTH 1 13.888889
52 62 6.0 -80.0 60.0 -80.0 BOTH 1 13.888889
52 53 3.0 -77.0 3.0 -23.0 BOTH 1 13.888889
53 63 6.0 -20.0 60.0 -20.0 BOTH 1 13.888889
53 54 3.0 -17.0 3.0 37.0 BOTH 1 13.888889
54 64 6.0 40.0 60.0 40.0 BOTH 1 13.888889
54 55 3.0 43.0 3.0 97.0 BOTH 1 13.888889
55 65 6.0 100.0 60.0 100.0 BOTH 1 13.888889
55 56 3.0 103.0 3.0 157.0 BOTH 1 13.888889
56 66 6.0 160.0 60.0 160.0 BOTH 1 13.888889
56 57 3.0 163.0 3.0 217.0 BOTH 1 13.888889
57 67 6.0 220.0 60.0 220.0 BOTH 1 13.888889
57 58 3.0 223.0 3.0 277.0 BOTH 1 13.888889
58 68 6.0 280.0 60.0 280.0 BOTH 1 13.888889
58 59 3.0 283.0 3.0 337.0 BOTH 1 13.888889
59 69 6.0 340.0 60.0 340.0 BOTH 1 13.888889
60 70 66.0 -200.0 120.0 -200.0 BOTH 1 13.888889
60 61 63.0 -197.0 63.0 -143.0 BOTH 1 13.888889
61 71 66.0 -140.0 120.0 -140.0 BOTH 1 13.888889
61 62 63.0 -137.0 63.0 -83.0 BOTH 1 13.888889
62 72 66.0 -80.0 120.0 -80.0 BOTH 1 13.888889
62 63 63.0 -77.0 63.0 -23.0 BOTH 1 13.888889
63 73 66.0 -20.0 120.0 -20.0 BOTH 1 13.888889
63 64 63.0 -17.0 63.0 37.0 BOTH 1 13.888889
64 74 66.0 40.0 120.0 40.0 BOTH 1 13.888889
64 65 63.0 43.0 63.0 97.0 BOTH 1 13.888889
65 75 66.0 100.0 120.0 100.0 BOTH 1 13.888889
65 66 63.0 103.0 63.0 157.0 BOTH 1 13.888889
66 76 66.0 160.0 120.0 160.0 BOTH 1 13.888889
66 67 63.0 163.0 63.0 217.0 BOTH 1 13.888889
67 77 66.0 220.0 120.0 220.0 BOTH 1 13.888889
67 68 63.0 223.0 63.0 277.0 BOTH 1 13.888889
68 78 66.0 280.0 120.0 280.0 BOTH 1 13.888889
68 69 63.0 283.0 63.0 337.0 BOTH 1 13.888889
69 79 66.0 340.0 120.0 340.0 BOTH 1 13.888889
70 80 126.0 -200.0 180.0 -200.0 BOTH 1 13.888889
70 71 123.0 -197.0 123.0 -143.0 BOTH 1 13.888889
71 81 126.0 -140.0 180.0 -140.0 BOTH 1 13.888889
71 72 123.0 -137.0 123.0 -83.0 BOTH 1 13.888889
72 82 126.0 -80.0 180.0 -80.0 BOTH 1 13.888889
72 73 123.0 -77.0 123.0 -23.0 BOTH 1 13.888889
73 83 126.0 -20.0 180.0 -20.0 BOTH 1 13.888889
73 74 123.0 -17.0 123.0 37.0 BOTH 1 13.888889
74 84 126.0 40.0 180.0 40.0 BOTH 1 13.888889
74 75 123.0 43.0 123.0 97.0 BOTH 1 13.888889
75 85 126.0 100.0 180.0 100.0 BOTH 1 13.888889
75 76 123.0 103.0 123.0 157.0 BOTH 1 13.888889
76 86 126.0 160.0 180.0 160.0 BOTH 1 13.888889
76 77 123.0 163.0 123.0 217.0 BOTH 1 13.888889
77 87 126.0 220.0 180.0 220.0 BOTH 1 13.888889
77 78 123.0 223.0 123.0 277.0 BOTH 1 13.888889
78 88 126.0 280.0 180.0 280.0 BOTH 1 13.888889
78 79 123.0 283.0 123.0 337.0 BOTH 1 13.888889
79 89 126.0 340.0 180.0 340.0 BOTH 1 13.888889
80 90 186.0 -200.0 240.0 -200.0 BOTH 1 13.888889
80 81 183.0 -197.0 183.0 -143.0 BOTH 1 13.888889
81 91 186.0 -140.0 240.0 -140.0 BOTH 1 13.888889
81 82 183.0 -137.0 183.0 -83.0 BOTH 1 13.888889
82 92 186.0 -80.0 240.0 -80.0 BOTH 1 13.888889
82 83 183.0 -77.0 183.0 -23.0 BOTH 1 13.888889
83 93 186.0 -20.0 240.0 -20.0 BOTH 1 13.888889
83 84 183.0 -17.0 183.0 37.0 BOTH 1 13.888889
84 94 186.0 40.0 240.0 40.0 BOTH 1 13.888889
84 85 183.0 43.0 183.0 97.0 BOTH 1 13.888889
85 95 186.0 100.0 240.0 100.0 BOTH 1 13.888889
85 86 183.0 103.0 183.0 157.0 BOTH 1 13.888889
86 96 186.0 160.0 240.0 160.0 BOTH 1 13.888889
86 87 183.0 163.0 183.0 217.0 BOTH 1 13.888889
87 97 186.0 220.0 240.0 220.0 BOTH 1 13.888889
87 88 183.0 223.0 183.0 277.0 BOTH 1 13.888889
88 98 186.0 280.0 240.0 280.0 BOTH 1 13.888889
88 89 183.0 283.0 183.0 337.0 BOTH 1 13.888889
89 99 186.0 340.0 240.0 340.0 BOTH 1 13.888889
90 91 243.0 -197.0 243.0 -143.0 BOTH 1 13.888889
91 92 243.0 -137.0 243.0 -83.0 BOTH 1 13.888889
92 93 243.0 -77.0 243.0 -23.0 BOTH 1 13.888889
93 94 243.0 -17.0 243.0 37.0 BOTH 1 13.888889
94 95 243.0 43.0 243.0 97.0 BOTH 1 13.888889
95 96 243.0 103.0 243.0 157.0 BOTH 1 13.888889
96 97 243.0 163.0 243.0 217.0 BOTH 1 13.888889
97 98 243.0 223.0 243.0 277.0 BOTH 1 13.888889
98 99 243.0 283.0 243.0 337.0 BOTH 1 13.888889
