30
49
0.0 0.0 6.0 0.0 BOTH 1 13.888889
0.0 60.0 6.0 60.0 BOTH 1 13.888889
0.0 120.0 6.0 120.0 BOTH 1 13.888889
0.0 180.0 6.0 180.0 BOTH 1 13.888889
0.0 240.0 6.0 240.0 BOTH 1 13.888889
60.0 0.0 66.0 0.0 BOTH 1 13.888889
60.0 60.0 66.0 60.0 BOTH 1 13.888889
60.0 120.0 66.0 120.0 BOTH 1 13.888889
60.0 180.0 66.0 180.0 BOTH 1 13.888889
60.0 240.0 66.0 240.0 BOTH 1 13.888889
120.0 0.0 126.0 0.0 BOTH 1 13.888889
120.0 60.0 126.0 60.0 BOTH 1 13.888889
120.0 120.0 126.0 120.0 BOTH 1 13.888889
120.0 180.0 126.0 180.0 BOTH 1 13.888889
120.0 240.0 126.0 240.0 BOTH 1 13.888889
180.0 0.0 186.0 0.0 BOTH 1 13.888889
180.0 60.0 186.0 60.0 BOTH 1 13.888889
180.0 120.0 186.0 120.0 BOTH 1 13.888889
180.0 180.0 186.0 180.0 BOTH 1 13.888889
180.0 240.0 186.0 240.0 BOTH 1 13.888889
240.0 0.0 246.0 0.0 BOTH 1 13.888889
240.0 60.0 246.0 60.0 BOTH 1 13.888889
240.0 120.0 246.0 120.0 BOTH 1 13.888889
240.0 180.0 246.0 180.0 BOTH 1 13.888889
240.0 240.0 246.0 240.0 BOTH 1 13.888889
300.0 0.0 306.0 0.0 BOTH 1 13.888889
300.0 60.0 306.0 60.0 BOTH 1 13.888889
300.0 120.0 306.0 120.0 BOTH 1 13.888889
300.0 180.0 306.0 180.0 BOTH 1 13.888889
300.0 240.0 306.0 240.0 BOTH 1 13.888889
0 5 6.0 0.0 60.0 0.0 BOTH 1 13.888889
0 1 3.0 3.0 3.0 57.0 BOTH 1 13.888889
1 6 6.0 60.0 60.0 60.0 BOTH 1 13.888889
1 2 3.0 63.0 3.0 117.0 BOTH 1 13.888889
2 7 6.0 120.0 60.0 120.0 BOTH 1 13.888889
2 3 3.0 123.0 3.0 177.0 BOTH 1 13.888889
3 8 6.0 180.0 60.0 180.0 BOTH 1 13.888889
3 4 3.0 183.0 3.0 237.0 BOTH 1 13.888889
4 9 6.0 240.0 60.0 240.0 BOTH 1 13.888889
5 10 66.0 0.0 120.0 0.0 BOTH 1 13.888889
5 6 63.0 3.0 63.0 57.0 BOTH 1 13.888889
6 11 66.0 60.0 120.0 60.0 BOTH 1 13.888889
6 7 63.0 63.0 63.0 117.0 BOTH 1 13.888889
7 12 66.0 120.0 120.0 120.0 BOTH 1 13.888889
7 8 63.0 123.0 63.0 177.0 BOTH 1 13.888889
8 13 66.0 180.0 120.0 180.0 BOTH 1 13.888889
8 9 63.0 183.0 63.0 237.0 BOTH 1 13.888889
9 14 66.0 240.0 120.0 240.0 BOTH 1 13.888889
10 15 126.0 0.0 180.0 0.0 BOTH 1 13.888889
10 11 123.0 3.0 123.0 57.0 BOTH 1 13.888889
11 16 126.0 60.0 180.0 60.0 BOTH 1 13.888889
11 12 123.0 63.0 123.0 117.0 BOTH 1 13.888889
12 17 126.0 120.0 180.0 120.0 BOTH 1 13.888889
12 13 123.0 123.0 123.0 177.0 BOTH 1 13.888889
13 18 126.0 180.0 180.0 180.0 BOTH 1 13.888889
13 14 123.0 183.0 123.0 237.0 BOTH 1 13.888889
14 19 126.0 240.0 180.0 240.0 BOTH 1 13.888889
15 20 186.0 0.0 240.0 0.0 BOTH 1 13.888889
15 16 183.0 3.0 183.0 57.0 BOTH 1 13.888889
16 21 186.0 60.0 240.0 60.0 BOTH 1 13.888889
16 17 183.0 63.0 183.0 117.0 BOTH 1 13.888889
17 22 186.0 120.0 240.0 120.0 BOTH 1 13.888889
17 18 183.0 123.0 183.0 177.0 BOTH 1 13.888889
18 23 186.0 180.0 240.0 180.0 BOTH 1 13.888889
18 19 183.0 183.0 183.0 237.0 BOTH 1 13.888889
19 24 186.0 240.0 240.0 240.0 BOTH 1 13.888889
20 25 246.0 0.0 300.0 0.0 BOTH 1 13.888889
20 21 243.0 3.0 243.0 57.0 BOTH 1 13.888889
21 26 246.0 60.0 300.0 60.0 BOTH 1 13.888889
21 22 243.0 63.0 243.0 117.0 BOTH 1 13.888889
22 27 246.0 120.0 300.0 120.0 BOTH 1 13.888889
22 23 243.0 123.0 243.0 177.0 BOTH 1 13.888889
23 28 246.0 180.0 300.0 180.0 BOTH 1 13.888889
23 24 243.0 183.0 243.0 237.0 BOTH 1 13.888889
24 29 246.0 240.0 300.0 240.0 BOTH 1 13.888889
25 26 303.0 3.0 303.0 57.0 BOTH 1 13.888889
26 27 303.0 63.0 303.0 117.0 BOTH 1 13.888889
27 28 303.0 123.0 303.0 177.0 BOTH 1 13.888889
28 29 303.0 183.0 303.0 237.0 BOTH 1 13.888889
